taskB_fscore_macro: 0.8118109087204273
taskB_emr: 0.71
taskB_fscore_HS: 0.8045544849708445
taskB_precision_HS: 0.8037334403853874
taskB_recall_HS: 0.8064845420960529
taskB_accuracy_HS: 0.806
taskB_fscore_TR: 0.8348712967459931
taskB_precision_TR: 0.8252811210939708
taskB_recall_TR: 0.8472582493816734
taskB_accuracy_TR: 0.864
taskB_fscore_AG: 0.7960069444444444
taskB_precision_AG: 0.7933750687947165
taskB_recall_AG: 0.7991372053872055
taskB_accuracy_AG: 0.812
