taskA_fscore: 0.48041641541735114
taskA_precision: 0.6209982990419955
taskA_recall: 0.5687796610169492
taskA_accuracy: 0.5140819964349376
