taskA_fscore: 0.5117409389571853
taskA_precision: 0.6111259605746742
taskA_recall: 0.5780547588005216
taskA_accuracy: 0.5315508021390374
