taskB_fscore_macro: 0.9038948653994104
taskB_emr: 0.805
taskB_fscore_HS: 0.8782980960299611
taskB_precision_HS: 0.8786523846960168
taskB_recall_HS: 0.8779606083271004
taskB_accuracy_HS: 0.881
taskB_fscore_TR: 0.9295427323328401
taskB_precision_TR: 0.941311951916445
taskB_recall_TR: 0.9189804664433258
taskB_accuracy_TR: 0.953
taskB_fscore_AG: 0.9038437678354301
taskB_precision_AG: 0.906875
taskB_recall_AG: 0.9009015666568134
taskB_accuracy_AG: 0.938
