taskB_fscore_macro: 0.7037446577939012
taskB_emr: 0.595
taskB_fscore_HS: 0.7346204242755967
taskB_precision_HS: 0.7399007496568473
taskB_recall_HS: 0.7321586947370142
taskB_accuracy_HS: 0.744
taskB_fscore_TR: 0.7693307342430149
taskB_precision_TR: 0.8099704617298025
taskB_recall_TR: 0.744800893363502
taskB_accuracy_TR: 0.858
taskB_fscore_AG: 0.6072828148630922
taskB_precision_AG: 0.718200922304594
taskB_recall_AG: 0.5920780372450487
taskB_accuracy_AG: 0.812
