taskB_fscore_macro: 0.735414633844639
taskB_emr: 0.572n
taskB_fscore_HS: 0.7240726871378453
taskB_precision_HS: 0.7234243275792854
taskB_recall_HS: 0.7274687233059904
taskB_accuracy_HS: 0.727
taskB_fscore_TR: 0.7960689204928837
taskB_precision_TR: 0.7808860340511802
taskB_recall_TR: 0.8175357666964844
taskB_accuracy_TR: 0.851
taskB_fscore_AG: 0.6861022939031879
taskB_precision_AG: 0.6851100511114766
taskB_recall_AG: 0.6871243472263278
taskB_accuracy_AG: 0.795
